 -0.998000000000000       2.850497615725089E-014 -2.160771561676711E-014
 -0.996000000000000       2.853273173286652E-014 -2.151057110211241E-014
 -0.994000000000000       2.857436509628997E-014 -2.145505995088115E-014
 -0.992000000000000       2.861599845971341E-014 -2.140648769355380E-014
 -0.990000000000000       2.872702076217593E-014 -2.135097654232254E-014
 -0.988000000000000       2.876865412559937E-014 -2.126770981547565E-014
 -0.986000000000000       2.879640970121500E-014 -2.121913755814830E-014
 -0.984000000000000       2.883804306463844E-014 -2.112893193739751E-014
 -0.982000000000000       2.889355421586970E-014 -2.103178742274281E-014
 -0.980000000000000       2.899069873052440E-014 -2.098321516541546E-014
 -0.978000000000000       2.899069873052440E-014 -2.095545958979983E-014
 -0.976000000000000       2.903233209394784E-014 -2.085137618124122E-014
 -0.974000000000000       2.906008766956347E-014 -2.075423166658652E-014
 -0.972000000000000       2.912947660860254E-014 -2.067790383364354E-014
 -0.970000000000000       2.917110997202599E-014 -2.065708715193182E-014
 -0.968000000000000       2.925437669887287E-014 -2.055994263727712E-014
 -0.966000000000000       2.919886554764162E-014 -2.052524816775758E-014
 -0.964000000000000       2.930988785010413E-014 -2.046279812262242E-014
 -0.962000000000000       2.932376563791195E-014 -2.037953139577553E-014
 -0.960000000000000       2.942091015256665E-014 -2.028238688112083E-014
 -0.958000000000000       2.946254351599009E-014 -2.024075351769739E-014
 -0.956000000000000       2.953193245502916E-014 -2.013667010913878E-014
 -0.954000000000000       2.955968803064479E-014 -2.006728117009970E-014
 -0.952000000000000       2.958744360626042E-014 -2.004646448838798E-014
 -0.950000000000000       2.968458812091512E-014 -1.994238107982937E-014
 -0.948000000000000       2.971234369653075E-014 -1.987299214079030E-014
 -0.946000000000000       2.979561042337764E-014 -1.979666430784732E-014
 -0.944000000000000       2.983724378680108E-014 -1.972033647490434E-014
 -0.942000000000000       2.987887715022453E-014 -1.968564200538481E-014
 -0.940000000000000       2.992051051364797E-014 -1.960237527853792E-014
 -0.938000000000000       2.997602166487923E-014 -1.953298633949885E-014
 -0.936000000000000       3.000377724049486E-014 -1.944971961265196E-014
 -0.934000000000000       3.001765502830267E-014 -1.936645288580507E-014
 -0.932000000000000       3.005928839172611E-014 -1.931094173457382E-014
 -0.930000000000000       3.011479954295737E-014 -1.921379721991912E-014
 -0.928000000000000       3.022582184541989E-014 -1.915828606868786E-014
 -0.926000000000000       3.023969963322770E-014 -1.906808044793706E-014
 -0.924000000000000       3.025357742103552E-014 -1.904032487232143E-014
 -0.922000000000000       3.028133299665114E-014 -1.892236367595501E-014
 -0.920000000000000       3.035072193569022E-014 -1.890154699424329E-014
 -0.918000000000000       3.032296636007459E-014 -1.880440247958859E-014
 -0.916000000000000       3.042011087472929E-014 -1.871419685883779E-014
 -0.914000000000000       3.048949981376836E-014 -1.866562460151044E-014
 -0.912000000000000       3.051725538938399E-014 -1.861011345027919E-014
 -0.910000000000000       3.055888875280743E-014 -1.850603004172058E-014
 -0.908000000000000       3.058664432842306E-014 -1.848521336000886E-014
 -0.906000000000000       3.066991105526995E-014 -1.837419105754634E-014
 -0.904000000000000       3.073929999430902E-014 -1.833255769412290E-014
 -0.902000000000000       3.071154441869339E-014 -1.824235207337210E-014
 -0.900000000000000       3.078093335773247E-014 -1.820071870994866E-014
 -0.898000000000000       3.085032229677154E-014 -1.808275751358224E-014
 -0.896000000000000       3.090583344800280E-014 -1.802030746844707E-014
 -0.894000000000000       3.093358902361842E-014 -1.791622405988846E-014
 -0.892000000000000       3.096134459923405E-014 -1.782601843913767E-014
 -0.890000000000000       3.100297796265750E-014 -1.779132396961813E-014
 -0.888000000000000       3.104461132608094E-014 -1.769417945496343E-014
 -0.886000000000000       3.110012247731220E-014 -1.764560719763608E-014
 -0.884000000000000       3.110012247731220E-014 -1.755540157688529E-014
 -0.882000000000000       3.119726699196690E-014 -1.750682931955794E-014
 -0.880000000000000       3.118338920415908E-014 -1.744437927442277E-014
 -0.878000000000000       3.126665593100597E-014 -1.737499033538370E-014
 -0.876000000000000       3.129441150662160E-014 -1.727784582072900E-014
 -0.874000000000000       3.125277814319816E-014 -1.717376241217039E-014
 -0.872000000000000       3.132216708223723E-014 -1.712519015484304E-014
 -0.870000000000000       3.136380044566067E-014 -1.707661789751569E-014
 -0.868000000000000       3.141931159689193E-014 -1.697947338286099E-014
 -0.866000000000000       3.147482274812319E-014 -1.685457329259066E-014
 -0.864000000000000       3.150257832373882E-014 -1.681293992916721E-014
 -0.862000000000000       3.153033389935445E-014 -1.677130656574377E-014
 -0.860000000000000       3.155808947497007E-014 -1.663946758156953E-014
 -0.858000000000000       3.159972283839352E-014 -1.660477311205000E-014
 -0.856000000000000       3.168298956524040E-014 -1.652844527910702E-014
 -0.854000000000000       3.169686735304822E-014 -1.645211744616404E-014
 -0.852000000000000       3.168298956524040E-014 -1.638272850712497E-014
 -0.850000000000000       3.178013407989511E-014 -1.626476731075854E-014
 -0.848000000000000       3.184952301893418E-014 -1.620925615952729E-014
 -0.846000000000000       3.184952301893418E-014 -1.616068390219993E-014
 -0.844000000000000       3.190503417016544E-014 -1.604966159973742E-014
 -0.842000000000000       3.191891195797325E-014 -1.600802823631398E-014
 -0.840000000000000       3.196054532139669E-014 -1.590394482775537E-014
 -0.838000000000000       3.197442310920451E-014 -1.583455588871630E-014
 -0.836000000000000       3.204381204824358E-014 -1.577210584358113E-014
 -0.834000000000000       3.212707877509047E-014 -1.568190022283034E-014
 -0.832000000000000       3.214095656289828E-014 -1.564026685940689E-014
 -0.830000000000000       3.216871213851391E-014 -1.552230566304047E-014
 -0.828000000000000       3.211320098728265E-014 -1.543210004228968E-014
 -0.826000000000000       3.223810107755298E-014 -1.533495552763497E-014
 -0.824000000000000       3.227973444097643E-014 -1.531413884592325E-014
 -0.822000000000000       3.230749001659206E-014 -1.523087211907637E-014
 -0.820000000000000       3.236300116782331E-014 -1.513372760442167E-014
 -0.818000000000000       3.240463453124676E-014 -1.509209424099822E-014
 -0.816000000000000       3.240463453124676E-014 -1.498801083243961E-014
 -0.814000000000000       3.236300116782331E-014 -1.491168299949663E-014
 -0.812000000000000       3.244626789467020E-014 -1.486311074216928E-014
 -0.810000000000000       3.247402347028583E-014 -1.477984401532240E-014
 -0.808000000000000       3.252953462151709E-014 -1.472433286409114E-014
 -0.806000000000000       3.252953462151709E-014 -1.457861609210909E-014
 -0.804000000000000       3.255729019713272E-014 -1.453004383478174E-014
 -0.802000000000000       3.264055692397960E-014 -1.447453268355048E-014
 -0.800000000000000       3.264055692397960E-014 -1.432881591156843E-014
 -0.798000000000000       3.264055692397960E-014 -1.429412144204889E-014
 -0.796000000000000       3.275157922644212E-014 -1.426636586643326E-014
 -0.794000000000000       3.272382365082649E-014 -1.415187411701879E-014
 -0.792000000000000       3.277933480205775E-014 -1.406166849626800E-014
 -0.790000000000000       3.280709037767338E-014 -1.399227955722893E-014
 -0.788000000000000       3.283484595328900E-014 -1.395064619380548E-014
 -0.786000000000000       3.286260152890463E-014 -1.384309333829492E-014
 -0.784000000000000       3.294586825575152E-014 -1.379452108096757E-014
 -0.782000000000000       3.294586825575152E-014 -1.369043767240896E-014
 -0.780000000000000       3.291811268013589E-014 -1.356553758213863E-014
 -0.778000000000000       3.297362383136715E-014 -1.356553758213863E-014
 -0.776000000000000       3.300137940698278E-014 -1.342329025710853E-014
 -0.774000000000000       3.302913498259841E-014 -1.336084021197337E-014
 -0.772000000000000       3.305689055821404E-014 -1.328104293207844E-014
 -0.770000000000000       3.311240170944529E-014 -1.318389841742373E-014
 -0.768000000000000       3.314015728506092E-014 -1.310410113752880E-014
 -0.766000000000000       3.314015728506092E-014 -1.304858998629754E-014
 -0.764000000000000       3.319566843629218E-014 -1.296185381249870E-014
 -0.762000000000000       3.325117958752344E-014 -1.289940376736354E-014
 -0.760000000000000       3.319566843629218E-014 -1.284736206308423E-014
 -0.758000000000000       3.330669073875470E-014 -1.276409533623735E-014
 -0.756000000000000       3.330669073875470E-014 -1.265307303377483E-014
 -0.754000000000000       3.336220188998595E-014 -1.257674520083185E-014
 -0.752000000000000       3.336220188998595E-014 -1.251429515569669E-014
 -0.750000000000000       3.336220188998595E-014 -1.244490621665761E-014
 -0.748000000000000       3.338995746560158E-014 -1.235470059590682E-014
 -0.746000000000000       3.341771304121721E-014 -1.225755608125212E-014
 -0.744000000000000       3.341771304121721E-014 -1.220898382392477E-014
 -0.742000000000000       3.347322419244847E-014 -1.208408373365444E-014
 -0.740000000000000       3.352873534367973E-014 -1.201816424156732E-014
 -0.738000000000000       3.358424649491099E-014 -1.194877530252825E-014
 -0.736000000000000       3.355649091929536E-014 -1.186203912872941E-014
 -0.734000000000000       3.358424649491099E-014 -1.177183350797861E-014
 -0.732000000000000       3.363975764614224E-014 -1.174754737931494E-014
 -0.730000000000000       3.366751322175787E-014 -1.167468899332391E-014
 -0.728000000000000       3.363975764614224E-014 -1.152897222134186E-014
 -0.726000000000000       3.372302437298913E-014 -1.146652217620669E-014
 -0.724000000000000       3.380629109983602E-014 -1.139366379021567E-014
 -0.722000000000000       3.380629109983602E-014 -1.130692761641683E-014
 -0.720000000000000       3.380629109983602E-014 -1.124447757128166E-014
 -0.718000000000000       3.380629109983602E-014 -1.113692471577110E-014
 -0.716000000000000       3.380629109983602E-014 -1.102937186026054E-014
 -0.714000000000000       3.383404667545165E-014 -1.102590241330859E-014
 -0.712000000000000       3.388955782668290E-014 -1.091141066389412E-014
 -0.710000000000000       3.383404667545165E-014 -1.080732725533551E-014
 -0.708000000000000       3.388955782668290E-014 -1.074487721020034E-014
 -0.706000000000000       3.391731340229853E-014 -1.066854937725736E-014
 -0.704000000000000       3.400058012914542E-014 -1.059222154431438E-014
 -0.702000000000000       3.397282455352979E-014 -1.052283260527531E-014
 -0.700000000000000       3.405609128037668E-014 -1.042568809062061E-014
 -0.698000000000000       3.402833570476105E-014 -1.035629915158154E-014
 -0.696000000000000       3.405609128037668E-014 -1.023139906131121E-014
 -0.694000000000000       3.402833570476105E-014 -1.017588791007995E-014
 -0.692000000000000       3.411160243160793E-014 -1.009262118323306E-014
 -0.690000000000000       3.413935800722356E-014 -1.000241556248227E-014
 -0.688000000000000       3.413935800722356E-014 -9.967721092962734E-015
 -0.686000000000000       3.425038030968608E-014 -9.912209941731476E-015
 -0.684000000000000       3.413935800722356E-014 -9.783840404509192E-015
 -0.682000000000000       3.411160243160793E-014 -9.697104230710352E-015
 -0.680000000000000       3.419486915845482E-014 -9.620776397767372E-015
 -0.678000000000000       3.413935800722356E-014 -9.558326352632207E-015
 -0.676000000000000       3.427813588530171E-014 -9.433426262361877E-015
 -0.674000000000000       3.425038030968608E-014 -9.336281747707176E-015
 -0.672000000000000       3.425038030968608E-014 -9.266892808668103E-015
 -0.670000000000000       3.430589146091734E-014 -9.253015020860289E-015
 -0.668000000000000       3.436140261214859E-014 -9.152401059253634E-015
 -0.666000000000000       3.438915818776422E-014 -9.017092628127443E-015
 -0.664000000000000       3.425038030968608E-014 -8.940764795184464E-015
 -0.662000000000000       3.447242491461111E-014 -8.878314750049299E-015
 -0.660000000000000       3.430589146091734E-014 -8.819334151866087E-015
 -0.658000000000000       3.450018049022674E-014 -8.732597978067247E-015
 -0.656000000000000       3.447242491461111E-014 -8.628514569508638E-015
 -0.654000000000000       3.441691376337985E-014 -8.538308948757845E-015
 -0.652000000000000       3.447242491461111E-014 -8.520961713998076E-015
 -0.650000000000000       3.447242491461111E-014 -8.406469964583607E-015
 -0.648000000000000       3.447242491461111E-014 -8.319733790784767E-015
 -0.646000000000000       3.450018049022674E-014 -8.222589276130066E-015
 -0.644000000000000       3.452793606584237E-014 -8.208711488322251E-015
 -0.642000000000000       3.452793606584237E-014 -8.083811398051921E-015
 -0.640000000000000       3.458344721707363E-014 -7.958911307781591E-015
 -0.638000000000000       3.452793606584237E-014 -7.962380754733545E-015
 -0.636000000000000       3.466671394392051E-014 -7.875644580934704E-015
 -0.634000000000000       3.458344721707363E-014 -7.684824998577255E-015
 -0.632000000000000       3.458344721707363E-014 -7.722988915048745E-015
 -0.630000000000000       3.458344721707363E-014 -7.615436059538183E-015
 -0.628000000000000       3.466671394392051E-014 -7.497474863171760E-015
 -0.626000000000000       3.461120279268926E-014 -7.435024818036595E-015
 -0.624000000000000       3.458344721707363E-014 -7.358696985093616E-015
 -0.622000000000000       3.469446951953614E-014 -7.254613576535007E-015
 -0.620000000000000       3.472222509515177E-014 -7.178285743592028E-015
 -0.618000000000000       3.469446951953614E-014 -7.084610675889280E-015
 -0.616000000000000       3.469446951953614E-014 -7.025630077706069E-015
 -0.614000000000000       3.469446951953614E-014 -6.935424456955275E-015
 -0.612000000000000       3.477773624638303E-014 -6.848688283156434E-015
 -0.610000000000000       3.474998067076740E-014 -6.768891003261501E-015
 -0.608000000000000       3.477773624638303E-014 -6.713379852030243E-015
 -0.606000000000000       3.480549182199866E-014 -6.616235337375542E-015
 -0.604000000000000       3.477773624638303E-014 -6.532968610528656E-015
 -0.602000000000000       3.477773624638303E-014 -6.446232436729815E-015
 -0.600000000000000       3.477773624638303E-014 -6.394190732450511E-015
 -0.598000000000000       3.480549182199866E-014 -6.283168429987995E-015
 -0.596000000000000       3.480549182199866E-014 -6.182554468381340E-015
 -0.594000000000000       3.480549182199866E-014 -6.116634976294222E-015
 -0.592000000000000       3.486100297322992E-014 -6.057654378111010E-015
 -0.590000000000000       3.483324739761429E-014 -6.002143226879753E-015
 -0.588000000000000       3.486100297322992E-014 -5.873773689657469E-015
 -0.586000000000000       3.491651412446117E-014 -5.807854197570350E-015
 -0.584000000000000       3.488875854884554E-014 -5.734995811579324E-015
 -0.582000000000000       3.480549182199866E-014 -5.603156827405087E-015
 -0.580000000000000       3.491651412446117E-014 -5.582340145693365E-015
 -0.578000000000000       3.488875854884554E-014 -5.457440055423035E-015
 -0.576000000000000       3.491651412446117E-014 -5.405398351143731E-015
 -0.574000000000000       3.497202527569243E-014 -5.360295540768334E-015
 -0.572000000000000       3.491651412446117E-014 -5.224987109642143E-015
 -0.570000000000000       3.488875854884554E-014 -5.145189829747210E-015
 -0.568000000000000       3.497202527569243E-014 -5.058453655948369E-015
 -0.566000000000000       3.486100297322992E-014 -5.002942504717112E-015
 -0.564000000000000       3.499978085130806E-014 -4.926614671774132E-015
 -0.562000000000000       3.494426970007680E-014 -4.832939604071385E-015
 -0.560000000000000       3.502753642692369E-014 -4.746203430272544E-015
 -0.558000000000000       3.494426970007680E-014 -4.704570066849101E-015
 -0.556000000000000       3.494426970007680E-014 -4.603956105242446E-015
 -0.554000000000000       3.502753642692369E-014 -4.454769886308441E-015
 -0.552000000000000       3.497202527569243E-014 -4.406197628981090E-015
 -0.550000000000000       3.497202527569243E-014 -4.336808689942018E-015
 -0.548000000000000       3.497202527569243E-014 -4.239664175287317E-015
 -0.546000000000000       3.499978085130806E-014 -4.135580766728708E-015
 -0.544000000000000       3.502753642692369E-014 -4.132111319776754E-015
 -0.542000000000000       3.497202527569243E-014 -4.052314039881821E-015
 -0.540000000000000       3.502753642692369E-014 -3.955169525227120E-015
 -0.538000000000000       3.505529200253932E-014 -3.840677775812651E-015
 -0.536000000000000       3.494426970007680E-014 -3.802513859341161E-015
 -0.534000000000000       3.499978085130806E-014 -3.719247132494274E-015
 -0.532000000000000       3.497202527569243E-014 -3.573530360512223E-015
 -0.530000000000000       3.499978085130806E-014 -3.545774784896594E-015
 -0.528000000000000       3.505529200253932E-014 -3.462508058049707E-015
 -0.526000000000000       3.497202527569243E-014 -3.358424649491099E-015
 -0.524000000000000       3.505529200253932E-014 -3.330669073875470E-015
 -0.522000000000000       3.502753642692369E-014 -3.250871793980536E-015
 -0.520000000000000       3.499978085130806E-014 -3.191891195797325E-015
 -0.518000000000000       3.505529200253932E-014 -3.080868893334809E-015
 -0.516000000000000       3.497202527569243E-014 -2.959438250016433E-015
 -0.514000000000000       3.497202527569243E-014 -2.914335439641036E-015
 -0.512000000000000       3.505529200253932E-014 -2.831068712794149E-015
 -0.510000000000000       3.497202527569243E-014 -2.720046410331634E-015
 -0.508000000000000       3.499978085130806E-014 -2.643718577388654E-015
 -0.506000000000000       3.505529200253932E-014 -2.615963001773025E-015
 -0.504000000000000       3.502753642692369E-014 -2.501471252358556E-015
 -0.502000000000000       3.497202527569243E-014 -2.359223927328458E-015
 -0.500000000000000       3.497202527569243E-014 -2.373101715136272E-015
 -0.498000000000000       3.508304757815495E-014 -2.296773882193293E-015
 -0.496000000000000       3.499978085130806E-014 -2.244732177913988E-015
 -0.494000000000000       3.502753642692369E-014 -2.088607065076076E-015
 -0.492000000000000       3.502753642692369E-014 -2.005340338229189E-015
 -0.490000000000000       3.502753642692369E-014 -2.001870891277235E-015
 -0.488000000000000       3.502753642692369E-014 -1.859623566247137E-015
 -0.486000000000000       3.497202527569243E-014 -1.748601263784622E-015
 -0.484000000000000       3.497202527569243E-014 -1.693090112553364E-015
 -0.482000000000000       3.499978085130806E-014 -1.595945597898663E-015
 -0.480000000000000       3.497202527569243E-014 -1.540434446667405E-015
 -0.478000000000000       3.491651412446117E-014 -1.457167719820518E-015
 -0.476000000000000       3.499978085130806E-014 -1.332267629550188E-015
 -0.474000000000000       3.494426970007680E-014 -1.242062008799394E-015
 -0.472000000000000       3.488875854884554E-014 -1.165734175856414E-015
 -0.470000000000000       3.497202527569243E-014 -1.172673069760322E-015
 -0.468000000000000       3.497202527569243E-014 -1.047772979489991E-015
 -0.466000000000000       3.499978085130806E-014 -1.033895191682177E-015
 -0.464000000000000       3.491651412446117E-014 -9.645062526431047E-016
 -0.462000000000000       3.494426970007680E-014 -8.049116928532385E-016
 -0.460000000000000       3.491651412446117E-014 -7.285838599102590E-016
 -0.458000000000000       3.491651412446117E-014 -7.285838599102590E-016
 -0.456000000000000       3.497202527569243E-014 -6.245004513516506E-016
 -0.454000000000000       3.491651412446117E-014 -5.273559366969494E-016
 -0.452000000000000       3.488875854884554E-014 -4.579669976578771E-016
 -0.450000000000000       3.488875854884554E-014 -3.747002708109903E-016
 -0.448000000000000       3.491651412446117E-014 -3.053113317719180E-016
 -0.446000000000000       3.491651412446117E-014 -2.289834988289385E-016
 -0.444000000000000       3.488875854884554E-014 -1.110223024625157E-016
 -0.442000000000000       3.488875854884554E-014 -4.857225732735060E-017
 -0.440000000000000       3.488875854884554E-014  6.938893903907228E-018
 -0.438000000000000       3.491651412446117E-014  8.326672684688674E-017
 -0.436000000000000       3.480549182199866E-014  2.012279232133096E-016
 -0.434000000000000       3.483324739761429E-014  2.081668171172169E-016
 -0.432000000000000       3.483324739761429E-014  2.567390744445674E-016
 -0.430000000000000       3.480549182199866E-014  3.816391647148976E-016
 -0.428000000000000       3.480549182199866E-014  4.579669976578771E-016
 -0.426000000000000       3.480549182199866E-014  5.134781488891349E-016
 -0.424000000000000       3.466671394392051E-014  6.106226635438361E-016
 -0.422000000000000       3.480549182199866E-014  6.869504964868156E-016
 -0.420000000000000       3.469446951953614E-014  8.049116928532385E-016
 -0.418000000000000       3.483324739761429E-014  8.881784197001252E-016
 -0.416000000000000       3.474998067076740E-014  8.465450562766819E-016
 -0.414000000000000       3.472222509515177E-014  1.006139616066548E-015
 -0.412000000000000       3.472222509515177E-014  1.013078509970455E-015
 -0.410000000000000       3.463895836830488E-014  1.144917494144693E-015
 -0.408000000000000       3.466671394392051E-014  1.200428645375951E-015
 -0.406000000000000       3.466671394392051E-014  1.276756478318930E-015
 -0.404000000000000       3.458344721707363E-014  1.387778780781446E-015
 -0.402000000000000       3.469446951953614E-014  1.415534356397075E-015
 -0.400000000000000       3.463895836830488E-014  1.505739977147869E-015
 -0.398000000000000       3.458344721707363E-014  1.547373340571312E-015
 -0.396000000000000       3.455569164145800E-014  1.609823385706477E-015
 -0.394000000000000       3.461120279268926E-014  1.720845688168993E-015
 -0.392000000000000       3.452793606584237E-014  1.776356839400250E-015
 -0.390000000000000       3.447242491461111E-014  1.831867990631508E-015
 -0.388000000000000       3.447242491461111E-014  1.901256929670581E-015
 -0.386000000000000       3.455569164145800E-014  2.026157019940911E-015
 -0.384000000000000       3.455569164145800E-014  2.164934898019055E-015
 -0.382000000000000       3.450018049022674E-014  2.123301534595612E-015
 -0.380000000000000       3.447242491461111E-014  2.206568261442499E-015
 -0.378000000000000       3.447242491461111E-014  2.248201624865942E-015
 -0.376000000000000       3.450018049022674E-014  2.345346139520643E-015
 -0.374000000000000       3.441691376337985E-014  2.414735078559715E-015
 -0.372000000000000       3.447242491461111E-014  2.470246229790973E-015
 -0.370000000000000       3.436140261214859E-014  2.567390744445674E-015
 -0.368000000000000       3.436140261214859E-014  2.636779683484747E-015
 -0.366000000000000       3.436140261214859E-014  2.761679773755077E-015
 -0.364000000000000       3.430589146091734E-014  2.733924198139448E-015
 -0.362000000000000       3.430589146091734E-014  2.775557561562891E-015
 -0.360000000000000       3.430589146091734E-014  2.942091015256665E-015
 -0.358000000000000       3.430589146091734E-014  2.983724378680108E-015
 -0.356000000000000       3.419486915845482E-014  3.025357742103552E-015
 -0.354000000000000       3.436140261214859E-014  3.108624468950438E-015
 -0.352000000000000       3.427813588530171E-014  3.136380044566067E-015
 -0.350000000000000       3.427813588530171E-014  3.275157922644212E-015
 -0.348000000000000       3.422262473407045E-014  3.302913498259841E-015
 -0.346000000000000       3.413935800722356E-014  3.358424649491099E-015
 -0.344000000000000       3.422262473407045E-014  3.427813588530171E-015
 -0.342000000000000       3.416711358283919E-014  3.511080315377058E-015
 -0.340000000000000       3.416711358283919E-014  3.552713678800501E-015
 -0.338000000000000       3.411160243160793E-014  3.635980405647388E-015
 -0.336000000000000       3.411160243160793E-014  3.774758283725532E-015
 -0.334000000000000       3.408384685599231E-014  3.760880495917718E-015
 -0.332000000000000       3.402833570476105E-014  3.816391647148976E-015
 -0.330000000000000       3.405609128037668E-014  3.927413949611491E-015
 -0.328000000000000       3.394506897791416E-014  3.982925100842749E-015
 -0.326000000000000       3.405609128037668E-014  3.996802888650564E-015
 -0.324000000000000       3.388955782668290E-014  4.052314039881821E-015
 -0.322000000000000       3.405609128037668E-014  4.191091917959966E-015
 -0.320000000000000       3.388955782668290E-014  4.232725281383409E-015
 -0.318000000000000       3.397282455352979E-014  4.343747583845925E-015
 -0.316000000000000       3.391731340229853E-014  4.329869796038111E-015
 -0.314000000000000       3.391731340229853E-014  4.427014310692812E-015
 -0.312000000000000       3.397282455352979E-014  4.440892098500626E-015
 -0.310000000000000       3.388955782668290E-014  4.496403249731884E-015
 -0.308000000000000       3.386180225106727E-014  4.607425552194400E-015
 -0.306000000000000       3.375077994860476E-014  4.676814491233472E-015
 -0.304000000000000       3.377853552422039E-014  4.801714581503802E-015
 -0.302000000000000       3.383404667545165E-014  4.801714581503802E-015
 -0.300000000000000       3.369526879737350E-014  4.857225732735060E-015
 -0.298000000000000       3.377853552422039E-014  4.954370247389761E-015
 -0.296000000000000       3.369526879737350E-014  4.912736883966318E-015
 -0.294000000000000       3.363975764614224E-014  4.968248035197576E-015
 -0.292000000000000       3.363975764614224E-014  5.079270337660091E-015
 -0.290000000000000       3.361200207052661E-014  5.134781488891349E-015
 -0.288000000000000       3.366751322175787E-014  5.190292640122607E-015
 -0.286000000000000       3.358424649491099E-014  5.301314942585122E-015
 -0.284000000000000       3.352873534367973E-014  5.329070518200751E-015
 -0.282000000000000       3.352873534367973E-014  5.412337245047638E-015
 -0.280000000000000       3.352873534367973E-014  5.370703881624195E-015
 -0.278000000000000       3.344546861683284E-014  5.495603971894525E-015
 -0.276000000000000       3.347322419244847E-014  5.578870698741412E-015
 -0.274000000000000       3.338995746560158E-014  5.564992910933597E-015
 -0.272000000000000       3.338995746560158E-014  5.689893001203927E-015
 -0.270000000000000       3.333444631437033E-014  5.717648576819556E-015
 -0.268000000000000       3.341771304121721E-014  5.745404152435185E-015
 -0.266000000000000       3.336220188998595E-014  5.800915303666443E-015
 -0.264000000000000       3.330669073875470E-014  5.884182030513330E-015
 -0.262000000000000       3.330669073875470E-014  5.911937606128959E-015
 -0.260000000000000       3.333444631437033E-014  5.995204332975845E-015
 -0.258000000000000       3.336220188998595E-014  5.995204332975845E-015
 -0.256000000000000       3.330669073875470E-014  6.106226635438361E-015
 -0.254000000000000       3.319566843629218E-014  6.133982211053990E-015
 -0.252000000000000       3.314015728506092E-014  6.245004513516506E-015
 -0.250000000000000       3.319566843629218E-014  6.272760089132134E-015
 -0.248000000000000       3.322342401190781E-014  6.272760089132134E-015
 -0.246000000000000       3.311240170944529E-014  6.383782391594650E-015
 -0.244000000000000       3.311240170944529E-014  6.383782391594650E-015
 -0.242000000000000       3.305689055821404E-014  6.522560269672795E-015
 -0.240000000000000       3.314015728506092E-014  6.494804694057166E-015
 -0.238000000000000       3.314015728506092E-014  6.494804694057166E-015
 -0.236000000000000       3.302913498259841E-014  6.661338147750939E-015
 -0.234000000000000       3.300137940698278E-014  6.661338147750939E-015
 -0.232000000000000       3.308464613382966E-014  6.661338147750939E-015
 -0.230000000000000       3.300137940698278E-014  6.744604874597826E-015
 -0.228000000000000       3.289035710452026E-014  6.827871601444713E-015
 -0.226000000000000       3.294586825575152E-014  6.827871601444713E-015
 -0.224000000000000       3.294586825575152E-014  6.883382752675971E-015
 -0.222000000000000       3.297362383136715E-014  6.966649479522857E-015
 -0.220000000000000       3.289035710452026E-014  6.966649479522857E-015
 -0.218000000000000       3.291811268013589E-014  7.022160630754115E-015
 -0.216000000000000       3.291811268013589E-014  7.105427357601002E-015
 -0.214000000000000       3.286260152890463E-014  7.077671781985373E-015
 -0.212000000000000       3.280709037767338E-014  7.133182933216631E-015
 -0.210000000000000       3.275157922644212E-014  7.216449660063518E-015
 -0.208000000000000       3.280709037767338E-014  7.299716386910404E-015
 -0.206000000000000       3.277933480205775E-014  7.299716386910404E-015
 -0.204000000000000       3.280709037767338E-014  7.382983113757291E-015
 -0.202000000000000       3.275157922644212E-014  7.410738689372920E-015
 -0.200000000000000       3.269606807521086E-014  7.466249840604178E-015
 -0.198000000000000       3.272382365082649E-014  7.466249840604178E-015
 -0.196000000000000       3.269606807521086E-014  7.521760991835436E-015
 -0.194000000000000       3.252953462151709E-014  7.605027718682322E-015
 -0.192000000000000       3.275157922644212E-014  7.549516567451064E-015
 -0.190000000000000       3.258504577274834E-014  7.716050021144838E-015
 -0.188000000000000       3.272382365082649E-014  7.799316747991725E-015
 -0.186000000000000       3.266831249959523E-014  7.660538869913580E-015
 -0.184000000000000       3.261280134836397E-014  7.771561172376096E-015
 -0.182000000000000       3.252953462151709E-014  7.854827899222983E-015
 -0.180000000000000       3.258504577274834E-014  7.910339050454240E-015
 -0.178000000000000       3.250177904590146E-014  7.938094626069869E-015
 -0.176000000000000       3.252953462151709E-014  8.049116928532385E-015
 -0.174000000000000       3.244626789467020E-014  7.882583474838611E-015
 -0.172000000000000       3.255729019713272E-014  8.076872504148014E-015
 -0.170000000000000       3.250177904590146E-014  8.076872504148014E-015
 -0.168000000000000       3.239075674343894E-014  8.132383655379272E-015
 -0.166000000000000       3.236300116782331E-014  8.187894806610529E-015
 -0.164000000000000       3.250177904590146E-014  8.187894806610529E-015
 -0.162000000000000       3.230749001659206E-014  8.271161533457416E-015
 -0.160000000000000       3.227973444097643E-014  8.215650382226158E-015
 -0.158000000000000       3.241851231905457E-014  8.326672684688674E-015
 -0.156000000000000       3.225197886536080E-014  8.437694987151190E-015
 -0.154000000000000       3.225197886536080E-014  8.382183835919932E-015
 -0.152000000000000       3.227973444097643E-014  8.465450562766819E-015
 -0.150000000000000       3.230749001659206E-014  8.520961713998076E-015
 -0.148000000000000       3.230749001659206E-014  8.576472865229334E-015
 -0.146000000000000       3.230749001659206E-014  8.465450562766819E-015
 -0.144000000000000       3.225197886536080E-014  8.687495167691850E-015
 -0.142000000000000       3.233524559220768E-014  8.548717289613705E-015
 -0.140000000000000       3.227973444097643E-014  8.631984016460592E-015
 -0.138000000000000       3.233524559220768E-014  8.715250743307479E-015
 -0.136000000000000       3.244626789467020E-014  8.715250743307479E-015
 -0.134000000000000       3.227973444097643E-014  8.743006318923108E-015
 -0.132000000000000       3.222422328974517E-014  8.909539772616881E-015
 -0.130000000000000       3.230749001659206E-014  8.854028621385623E-015
 -0.128000000000000       3.230749001659206E-014  8.909539772616881E-015
 -0.126000000000000       3.230749001659206E-014  8.826273045769994E-015
 -0.124000000000000       3.227973444097643E-014  8.826273045769994E-015
 -0.122000000000000       3.225197886536080E-014  8.937295348232510E-015
 -0.120000000000000       3.214095656289828E-014  8.965050923848139E-015
 -0.118000000000000       3.222422328974517E-014  9.020562075079397E-015
 -0.116000000000000       3.219646771412954E-014  9.103828801926284E-015
 -0.114000000000000       3.214095656289828E-014  9.103828801926284E-015
 -0.112000000000000       3.214095656289828E-014  9.159339953157541E-015
 -0.110000000000000       3.219646771412954E-014  9.159339953157541E-015
 -0.108000000000000       3.225197886536080E-014  9.270362255620057E-015
 -0.106000000000000       3.208544541166702E-014  9.270362255620057E-015
 -0.104000000000000       3.222422328974517E-014  9.270362255620057E-015
 -0.102000000000000       3.225197886536080E-014  9.325873406851315E-015
 -0.100000000000000       3.219646771412954E-014  9.381384558082573E-015
 -9.799999999999998E-002  3.211320098728265E-014  9.381384558082573E-015
 -9.599999999999997E-002  3.225197886536080E-014  9.436895709313831E-015
 -9.399999999999997E-002  3.216871213851391E-014  9.492406860545088E-015
 -9.199999999999997E-002  3.216871213851391E-014  9.381384558082573E-015
 -8.999999999999997E-002  3.216871213851391E-014  9.658940314238862E-015
 -8.799999999999997E-002  3.211320098728265E-014  9.492406860545088E-015
 -8.599999999999997E-002  3.211320098728265E-014  9.436895709313831E-015
 -8.399999999999996E-002  3.222422328974517E-014  9.547918011776346E-015
 -8.199999999999996E-002  3.214095656289828E-014  9.658940314238862E-015
 -7.999999999999996E-002  3.208544541166702E-014  9.658940314238862E-015
 -7.799999999999996E-002  3.211320098728265E-014  9.714451465470120E-015
 -7.599999999999996E-002  3.225197886536080E-014  9.658940314238862E-015
 -7.399999999999995E-002  3.214095656289828E-014  9.714451465470120E-015
 -7.199999999999995E-002  3.214095656289828E-014  9.769962616701378E-015
 -6.999999999999995E-002  3.216871213851391E-014  9.714451465470120E-015
 -6.799999999999995E-002  3.211320098728265E-014  9.992007221626409E-015
 -6.599999999999995E-002  3.216871213851391E-014  9.825473767932635E-015
 -6.399999999999995E-002  3.202993426043577E-014  9.936496070395151E-015
 -6.200000000000006E-002  3.222422328974517E-014  9.936496070395151E-015
 -6.000000000000005E-002  3.233524559220768E-014  9.936496070395151E-015
 -5.800000000000005E-002  3.227973444097643E-014  9.992007221626409E-015
 -5.600000000000005E-002  3.216871213851391E-014  9.992007221626409E-015
 -5.400000000000005E-002  3.222422328974517E-014  1.015854067532018E-014
 -5.200000000000005E-002  3.216871213851391E-014  1.010302952408892E-014
 -5.000000000000004E-002  3.230749001659206E-014  1.004751837285767E-014
 -4.800000000000004E-002  3.225197886536080E-014  1.015854067532018E-014
 -4.600000000000004E-002  3.225197886536080E-014  1.015854067532018E-014
 -4.400000000000004E-002  3.216871213851391E-014  1.015854067532018E-014
 -4.200000000000004E-002  3.230749001659206E-014  1.026956297778270E-014
 -4.000000000000004E-002  3.222422328974517E-014  1.021405182655144E-014
 -3.800000000000003E-002  3.219646771412954E-014  1.032507412901396E-014
 -3.600000000000003E-002  3.219646771412954E-014  1.038058528024521E-014
 -3.400000000000003E-002  3.225197886536080E-014  1.043609643147647E-014
 -3.200000000000003E-002  3.222422328974517E-014  1.032507412901396E-014
 -3.000000000000003E-002  3.230749001659206E-014  1.038058528024521E-014
 -2.800000000000002E-002  3.233524559220768E-014  1.038058528024521E-014
 -2.600000000000002E-002  3.239075674343894E-014  1.049160758270773E-014
 -2.400000000000002E-002  3.239075674343894E-014  1.054711873393899E-014
 -2.200000000000002E-002  3.236300116782331E-014  1.054711873393899E-014
 -2.000000000000002E-002  3.227973444097643E-014  1.054711873393899E-014
 -1.800000000000002E-002  3.233524559220768E-014  1.065814103640150E-014
 -1.600000000000001E-002  3.250177904590146E-014  1.065814103640150E-014
 -1.400000000000001E-002  2.983724378680108E-014  1.065814103640150E-014
 -1.200000000000001E-002 -9.181544413650045E-014  1.054711873393899E-014
 -1.000000000000001E-002  2.134958876354176E-011  1.065814103640150E-014
 -8.000000000000007E-003 -1.330323351478313E-009  1.065814103640150E-014
 -6.000000000000005E-003  2.001361124048806E-008  1.088018564132653E-014
 -4.000000000000004E-003  5.665673742522026E-006  1.065814103640150E-014
 -2.000000000000002E-003 -9.161029428389478E-004  1.088018564132653E-014
  0.000000000000000E+000  0.500000000000000       6.661338147750939E-016
  2.000000000000002E-003   1.00091610294284       1.088018564132653E-014
  4.000000000000004E-003  0.999994334326258       1.065814103640150E-014
  6.000000000000005E-003  0.999999979986389       1.088018564132653E-014
  8.000000000000007E-003   1.00000000133032       1.065814103640150E-014
  1.000000000000001E-002  0.999999999978650       1.065814103640150E-014
  1.200000000000001E-002   1.00000000000009       1.054711873393899E-014
  1.400000000000001E-002  0.999999999999970       1.065814103640150E-014
  1.600000000000001E-002  0.999999999999967       1.065814103640150E-014
  1.800000000000002E-002  0.999999999999968       1.065814103640150E-014
  2.000000000000002E-002  0.999999999999968       1.054711873393899E-014
  2.200000000000002E-002  0.999999999999968       1.054711873393899E-014
  2.400000000000002E-002  0.999999999999968       1.054711873393899E-014
  2.600000000000002E-002  0.999999999999968       1.049160758270773E-014
  2.800000000000002E-002  0.999999999999968       1.032507412901396E-014
  3.000000000000003E-002  0.999999999999968       1.038058528024521E-014
  3.200000000000003E-002  0.999999999999968       1.032507412901396E-014
  3.400000000000003E-002  0.999999999999968       1.043609643147647E-014
  3.600000000000003E-002  0.999999999999968       1.038058528024521E-014
  3.800000000000003E-002  0.999999999999968       1.032507412901396E-014
  4.000000000000004E-002  0.999999999999968       1.021405182655144E-014
  4.200000000000004E-002  0.999999999999968       1.032507412901396E-014
  4.400000000000004E-002  0.999999999999968       1.015854067532018E-014
  4.600000000000004E-002  0.999999999999968       1.015854067532018E-014
  4.800000000000004E-002  0.999999999999968       1.021405182655144E-014
  5.000000000000004E-002  0.999999999999968       1.010302952408892E-014
  5.200000000000005E-002  0.999999999999968       1.010302952408892E-014
  5.400000000000005E-002  0.999999999999968       1.010302952408892E-014
  5.600000000000005E-002  0.999999999999968       9.992007221626409E-015
  5.800000000000005E-002  0.999999999999968       9.992007221626409E-015
  6.000000000000005E-002  0.999999999999968       9.880984919163893E-015
  6.200000000000006E-002  0.999999999999968       9.936496070395151E-015
  6.400000000000006E-002  0.999999999999968       9.936496070395151E-015
  6.600000000000006E-002  0.999999999999968       9.825473767932635E-015
  6.800000000000006E-002  0.999999999999968       9.936496070395151E-015
  7.000000000000006E-002  0.999999999999968       9.936496070395151E-015
  7.200000000000006E-002  0.999999999999968       9.769962616701378E-015
  7.400000000000007E-002  0.999999999999968       9.658940314238862E-015
  7.600000000000007E-002  0.999999999999968       9.714451465470120E-015
  7.800000000000007E-002  0.999999999999968       9.658940314238862E-015
  8.000000000000007E-002  0.999999999999968       9.658940314238862E-015
  8.200000000000007E-002  0.999999999999968       9.603429163007604E-015
  8.400000000000007E-002  0.999999999999968       9.603429163007604E-015
  8.600000000000008E-002  0.999999999999968       9.547918011776346E-015
  8.800000000000008E-002  0.999999999999968       9.492406860545088E-015
  9.000000000000008E-002  0.999999999999968       9.603429163007604E-015
  9.200000000000008E-002  0.999999999999968       9.547918011776346E-015
  9.400000000000008E-002  0.999999999999968       9.325873406851315E-015
  9.600000000000009E-002  0.999999999999968       9.436895709313831E-015
  9.800000000000009E-002  0.999999999999968       9.325873406851315E-015
  0.100000000000000       0.999999999999968       9.270362255620057E-015
  0.102000000000000       0.999999999999968       9.270362255620057E-015
  0.104000000000000       0.999999999999968       9.381384558082573E-015
  0.106000000000000       0.999999999999968       9.214851104388799E-015
  0.108000000000000       0.999999999999968       9.214851104388799E-015
  0.110000000000000       0.999999999999968       9.103828801926284E-015
  0.112000000000000       0.999999999999968       9.214851104388799E-015
  0.114000000000000       0.999999999999968       9.048317650695026E-015
  0.116000000000000       0.999999999999968       9.103828801926284E-015
  0.118000000000000       0.999999999999968       9.103828801926284E-015
  0.120000000000000       0.999999999999968       9.048317650695026E-015
  0.122000000000000       0.999999999999968       8.992806499463768E-015
  0.124000000000000       0.999999999999968       8.937295348232510E-015
  0.126000000000000       0.999999999999968       8.881784197001252E-015
  0.128000000000000       0.999999999999968       8.937295348232510E-015
  0.130000000000000       0.999999999999968       8.826273045769994E-015
  0.132000000000000       0.999999999999968       8.798517470154366E-015
  0.134000000000000       0.999999999999968       8.743006318923108E-015
  0.136000000000000       0.999999999999968       8.798517470154366E-015
  0.138000000000000       0.999999999999968       8.743006318923108E-015
  0.140000000000000       0.999999999999968       8.604228440844963E-015
  0.142000000000000       0.999999999999968       8.659739592076221E-015
  0.144000000000000       0.999999999999968       8.604228440844963E-015
  0.146000000000000       0.999999999999968       8.548717289613705E-015
  0.148000000000000       0.999999999999968       8.576472865229334E-015
  0.150000000000000       0.999999999999968       8.520961713998076E-015
  0.152000000000000       0.999999999999968       8.409939411535561E-015
  0.154000000000000       0.999999999999968       8.382183835919932E-015
  0.156000000000000       0.999999999999968       8.354428260304303E-015
  0.158000000000000       0.999999999999968       8.271161533457416E-015
  0.160000000000000       0.999999999999968       8.271161533457416E-015
  0.162000000000000       0.999999999999968       8.215650382226158E-015
  0.164000000000000       0.999999999999968       8.187894806610529E-015
  0.166000000000000       0.999999999999968       8.132383655379272E-015
  0.168000000000000       0.999999999999967       8.160139230994901E-015
  0.170000000000000       0.999999999999968       8.076872504148014E-015
  0.172000000000000       0.999999999999968       8.021361352916756E-015
  0.174000000000000       0.999999999999967       8.049116928532385E-015
  0.176000000000000       0.999999999999967       7.993605777301127E-015
  0.178000000000000       0.999999999999967       7.965850201685498E-015
  0.180000000000000       0.999999999999968       7.882583474838611E-015
  0.182000000000000       0.999999999999968       7.854827899222983E-015
  0.184000000000000       0.999999999999967       7.827072323607354E-015
  0.186000000000000       0.999999999999967       7.716050021144838E-015
  0.188000000000000       0.999999999999967       7.799316747991725E-015
  0.190000000000000       0.999999999999968       7.716050021144838E-015
  0.192000000000000       0.999999999999967       7.549516567451064E-015
  0.194000000000000       0.999999999999967       7.605027718682322E-015
  0.196000000000000       0.999999999999967       7.521760991835436E-015
  0.198000000000000       0.999999999999967       7.438494264988549E-015
  0.200000000000000       0.999999999999967       7.466249840604178E-015
  0.202000000000000       0.999999999999967       7.410738689372920E-015
  0.204000000000000       0.999999999999967       7.382983113757291E-015
  0.206000000000000       0.999999999999967       7.299716386910404E-015
  0.208000000000000       0.999999999999967       7.327471962526033E-015
  0.210000000000000       0.999999999999967       7.216449660063518E-015
  0.212000000000000       0.999999999999967       7.133182933216631E-015
  0.214000000000000       0.999999999999967       7.077671781985373E-015
  0.216000000000000       0.999999999999967       7.105427357601002E-015
  0.218000000000000       0.999999999999967       7.077671781985373E-015
  0.220000000000000       0.999999999999967       6.966649479522857E-015
  0.222000000000000       0.999999999999967       6.966649479522857E-015
  0.224000000000000       0.999999999999967       6.883382752675971E-015
  0.226000000000000       0.999999999999967       6.827871601444713E-015
  0.228000000000000       0.999999999999967       6.855627177060342E-015
  0.230000000000000       0.999999999999967       6.744604874597826E-015
  0.232000000000000       0.999999999999967       6.661338147750939E-015
  0.234000000000000       0.999999999999967       6.661338147750939E-015
  0.236000000000000       0.999999999999967       6.661338147750939E-015
  0.238000000000000       0.999999999999967       6.494804694057166E-015
  0.240000000000000       0.999999999999967       6.494804694057166E-015
  0.242000000000000       0.999999999999967       6.522560269672795E-015
  0.244000000000000       0.999999999999967       6.383782391594650E-015
  0.246000000000000       0.999999999999967       6.383782391594650E-015
  0.248000000000000       0.999999999999967       6.272760089132134E-015
  0.250000000000000       0.999999999999967       6.272760089132134E-015
  0.252000000000000       0.999999999999967       6.245004513516506E-015
  0.254000000000000       0.999999999999967       6.133982211053990E-015
  0.256000000000000       0.999999999999967       6.106226635438361E-015
  0.258000000000000       0.999999999999967       5.995204332975845E-015
  0.260000000000000       0.999999999999967       5.995204332975845E-015
  0.262000000000000       0.999999999999967       5.898059818321144E-015
  0.264000000000000       0.999999999999967       5.884182030513330E-015
  0.266000000000000       0.999999999999967       5.800915303666443E-015
  0.268000000000000       0.999999999999967       5.745404152435185E-015
  0.270000000000000       0.999999999999967       5.717648576819556E-015
  0.272000000000000       0.999999999999967       5.689893001203927E-015
  0.274000000000000       0.999999999999967       5.564992910933597E-015
  0.276000000000000       0.999999999999967       5.592748486549226E-015
  0.278000000000000       0.999999999999966       5.495603971894525E-015
  0.280000000000000       0.999999999999966       5.370703881624195E-015
  0.282000000000000       0.999999999999966       5.412337245047638E-015
  0.284000000000000       0.999999999999966       5.329070518200751E-015
  0.286000000000000       0.999999999999966       5.301314942585122E-015
  0.288000000000000       0.999999999999966       5.190292640122607E-015
  0.290000000000000       0.999999999999966       5.120903701083535E-015
  0.292000000000000       0.999999999999966       5.079270337660091E-015
  0.294000000000000       0.999999999999966       4.968248035197576E-015
  0.296000000000000       0.999999999999966       4.912736883966318E-015
  0.298000000000000       0.999999999999966       4.954370247389761E-015
  0.300000000000000       0.999999999999966       4.857225732735060E-015
  0.302000000000000       0.999999999999966       4.801714581503802E-015
  0.304000000000000       0.999999999999966       4.801714581503802E-015
  0.306000000000000       0.999999999999966       4.676814491233472E-015
  0.308000000000000       0.999999999999966       4.621303340002214E-015
  0.310000000000000       0.999999999999966       4.496403249731884E-015
  0.312000000000000       0.999999999999966       4.454769886308441E-015
  0.314000000000000       0.999999999999966       4.413136522884997E-015
  0.316000000000000       0.999999999999966       4.399258735077183E-015
  0.318000000000000       0.999999999999966       4.315992008230296E-015
  0.320000000000000       0.999999999999966       4.302114220422482E-015
  0.322000000000000       0.999999999999966       4.177214130152151E-015
  0.324000000000000       0.999999999999966       4.135580766728708E-015
  0.326000000000000       0.999999999999966       4.080069615497450E-015
  0.328000000000000       0.999999999999966       3.955169525227120E-015
  0.330000000000000       0.999999999999966       3.941291737419306E-015
  0.332000000000000       0.999999999999966       3.858025010572419E-015
  0.334000000000000       0.999999999999966       3.747002708109903E-015
  0.336000000000000       0.999999999999966       3.774758283725532E-015
  0.338000000000000       0.999999999999966       3.622102617839573E-015
  0.340000000000000       0.999999999999966       3.511080315377058E-015
  0.342000000000000       0.999999999999966       3.497202527569243E-015
  0.344000000000000       0.999999999999966       3.413935800722356E-015
  0.346000000000000       0.999999999999966       3.358424649491099E-015
  0.348000000000000       0.999999999999966       3.344546861683284E-015
  0.350000000000000       0.999999999999966       3.302913498259841E-015
  0.352000000000000       0.999999999999966       3.233524559220768E-015
  0.354000000000000       0.999999999999966       3.122502256758253E-015
  0.356000000000000       0.999999999999966       3.053113317719180E-015
  0.358000000000000       0.999999999999966       3.025357742103552E-015
  0.360000000000000       0.999999999999966       2.886579864025407E-015
  0.362000000000000       0.999999999999966       2.803313137178520E-015
  0.364000000000000       0.999999999999966       2.775557561562891E-015
  0.366000000000000       0.999999999999966       2.733924198139448E-015
  0.368000000000000       0.999999999999966       2.636779683484747E-015
  0.370000000000000       0.999999999999966       2.609024107869118E-015
  0.372000000000000       0.999999999999966       2.470246229790973E-015
  0.374000000000000       0.999999999999966       2.456368441983159E-015
  0.376000000000000       0.999999999999966       2.373101715136272E-015
  0.378000000000000       0.999999999999966       2.303712776097200E-015
  0.380000000000000       0.999999999999966       2.192690473634684E-015
  0.382000000000000       0.999999999999966       2.151057110211241E-015
  0.384000000000000       0.999999999999965       2.040034807748725E-015
  0.386000000000000       0.999999999999966       1.998401444325282E-015
  0.388000000000000       0.999999999999965       1.859623566247137E-015
  0.390000000000000       0.999999999999966       1.873501354054952E-015
  0.392000000000000       0.999999999999966       1.776356839400250E-015
  0.394000000000000       0.999999999999965       1.748601263784622E-015
  0.396000000000000       0.999999999999966       1.616762279610384E-015
  0.398000000000000       0.999999999999966       1.540434446667405E-015
  0.400000000000000       0.999999999999965       1.457167719820518E-015
  0.402000000000000       0.999999999999965       1.443289932012704E-015
  0.404000000000000       0.999999999999966       1.318389841742373E-015
  0.406000000000000       0.999999999999966       1.235123114895487E-015
  0.408000000000000       0.999999999999965       1.207367539279858E-015
  0.410000000000000       0.999999999999965       1.165734175856414E-015
  0.412000000000000       0.999999999999965       1.054711873393899E-015
  0.414000000000000       0.999999999999965       9.992007221626409E-016
  0.416000000000000       0.999999999999965       9.020562075079397E-016
  0.418000000000000       0.999999999999965       8.326672684688674E-016
  0.420000000000000       0.999999999999965       7.216449660063518E-016
  0.422000000000000       0.999999999999965       7.077671781985373E-016
  0.424000000000000       0.999999999999965       6.522560269672795E-016
  0.426000000000000       0.999999999999965       5.551115123125783E-016
  0.428000000000000       0.999999999999965       4.857225732735060E-016
  0.430000000000000       0.999999999999965       3.330669073875470E-016
  0.432000000000000       0.999999999999965       3.191891195797325E-016
  0.434000000000000       0.999999999999965       2.636779683484747E-016
  0.436000000000000       0.999999999999965       1.110223024625157E-016
  0.438000000000000       0.999999999999965       8.326672684688674E-017
  0.440000000000000       0.999999999999965       0.000000000000000E+000
  0.442000000000000       0.999999999999965      -2.775557561562891E-017
  0.444000000000000       0.999999999999965      -1.249000902703301E-016
  0.446000000000000       0.999999999999965      -2.359223927328458E-016
  0.448000000000000       0.999999999999965      -3.191891195797325E-016
  0.450000000000000       0.999999999999965      -3.885780586188048E-016
  0.452000000000000       0.999999999999965      -4.579669976578771E-016
  0.454000000000000       0.999999999999965      -5.273559366969494E-016
  0.456000000000000       0.999999999999965      -6.383782391594650E-016
  0.458000000000000       0.999999999999965      -7.355227538141662E-016
  0.460000000000000       0.999999999999965      -7.355227538141662E-016
  0.462000000000000       0.999999999999965      -8.049116928532385E-016
  0.464000000000000       0.999999999999965      -9.436895709313831E-016
  0.466000000000000       0.999999999999965      -1.040834085586084E-015
  0.468000000000000       0.999999999999965      -1.054711873393899E-015
  0.470000000000000       0.999999999999965      -1.179611963664229E-015
  0.472000000000000       0.999999999999965      -1.151856388048600E-015
  0.474000000000000       0.999999999999965      -1.249000902703301E-015
  0.476000000000000       0.999999999999965      -1.346145417358002E-015
  0.478000000000000       0.999999999999965      -1.457167719820518E-015
  0.480000000000000       0.999999999999965      -1.554312234475219E-015
  0.482000000000000       0.999999999999965      -1.609823385706477E-015
  0.484000000000000       0.999999999999965      -1.693090112553364E-015
  0.486000000000000       0.999999999999965      -1.762479051592436E-015
  0.488000000000000       0.999999999999965      -1.859623566247137E-015
  0.490000000000000       0.999999999999965      -1.984523656517467E-015
  0.492000000000000       0.999999999999965      -2.012279232133096E-015
  0.494000000000000       0.999999999999965      -2.095545958979983E-015
  0.496000000000000       0.999999999999965      -2.248201624865942E-015
  0.498000000000000       0.999999999999965      -2.303712776097200E-015
  0.500000000000000       0.999999999999965      -2.373101715136272E-015
  0.502000000000000       0.999999999999965      -2.373101715136272E-015
  0.504000000000000       0.999999999999965      -2.511879593214417E-015
  0.506000000000000       0.999999999999965      -2.622901895676932E-015
  0.508000000000000       0.999999999999965      -2.622901895676932E-015
  0.510000000000000       0.999999999999965      -2.720046410331634E-015
  0.512000000000000       0.999999999999965      -2.831068712794149E-015
  0.514000000000000       0.999999999999965      -2.886579864025407E-015
  0.516000000000000       0.999999999999965      -2.969846590872294E-015
  0.518000000000000       0.999999999999965      -3.053113317719180E-015
  0.520000000000000       0.999999999999965      -3.191891195797325E-015
  0.522000000000000       0.999999999999965      -3.261280134836397E-015
  0.524000000000000       0.999999999999965      -3.302913498259841E-015
  0.526000000000000       0.999999999999965      -3.358424649491099E-015
  0.528000000000000       0.999999999999965      -3.483324739761429E-015
  0.530000000000000       0.999999999999965      -3.566591466608315E-015
  0.532000000000000       0.999999999999965      -3.566591466608315E-015
  0.534000000000000       0.999999999999965      -3.705369344686460E-015
  0.536000000000000       0.999999999999965      -3.802513859341161E-015
  0.538000000000000       0.999999999999965      -3.858025010572419E-015
  0.540000000000000       0.999999999999965      -3.955169525227120E-015
  0.542000000000000       0.999999999999965      -4.066191827689636E-015
  0.544000000000000       0.999999999999965      -4.149458554536523E-015
  0.546000000000000       0.999999999999965      -4.121702978920894E-015
  0.548000000000000       0.999999999999965      -4.218847493575595E-015
  0.550000000000000       0.999999999999965      -4.315992008230296E-015
  0.552000000000000       0.999999999999965      -4.413136522884997E-015
  0.554000000000000       0.999999999999965      -4.440892098500626E-015
  0.556000000000000       0.999999999999965      -4.593547764386585E-015
  0.558000000000000       0.999999999999965      -4.690692279041286E-015
  0.560000000000000       0.999999999999965      -4.732325642464730E-015
  0.562000000000000       0.999999999999965      -4.843347944927245E-015
  0.564000000000000       0.999999999999965      -4.871103520542874E-015
  0.566000000000000       0.999999999999965      -5.009881398621019E-015
  0.568000000000000       0.999999999999965      -5.051514762044462E-015
  0.570000000000000       0.999999999999965      -5.148659276699163E-015
  0.572000000000000       0.999999999999965      -5.231926003546050E-015
  0.574000000000000       0.999999999999965      -5.356826093816380E-015
  0.576000000000000       0.999999999999965      -5.412337245047638E-015
  0.578000000000000       0.999999999999965      -5.440092820663267E-015
  0.580000000000000       0.999999999999965      -5.578870698741412E-015
  0.582000000000000       0.999999999999965      -5.606626274357041E-015
  0.584000000000000       0.999999999999965      -5.745404152435185E-015
  0.586000000000000       0.999999999999965      -5.814793091474257E-015
  0.588000000000000       0.999999999999965      -5.884182030513330E-015
  0.590000000000000       0.999999999999965      -6.022959908591474E-015
  0.592000000000000       0.999999999999965      -6.078471059822732E-015
  0.594000000000000       0.999999999999965      -6.106226635438361E-015
  0.596000000000000       0.999999999999965      -6.231126725708691E-015
  0.598000000000000       0.999999999999965      -6.328271240363392E-015
  0.600000000000000       0.999999999999965      -6.425415755018093E-015
  0.602000000000000       0.999999999999965      -6.439293542825908E-015
  0.604000000000000       0.999999999999965      -6.550315845288424E-015
  0.606000000000000       0.999999999999965      -6.661338147750939E-015
  0.608000000000000       0.999999999999965      -6.786238238021269E-015
  0.610000000000000       0.999999999999965      -6.827871601444713E-015
  0.612000000000000       0.999999999999965      -6.869504964868156E-015
  0.614000000000000       0.999999999999965      -6.925016116099414E-015
  0.616000000000000       0.999999999999965      -6.994405055138486E-015
  0.618000000000000       0.999999999999965      -7.063793994177558E-015
  0.620000000000000       0.999999999999966      -7.188694084447889E-015
  0.622000000000000       0.999999999999965      -7.271960811294775E-015
  0.624000000000000       0.999999999999965      -7.382983113757291E-015
  0.626000000000000       0.999999999999965      -7.410738689372920E-015
  0.628000000000000       0.999999999999965      -7.549516567451064E-015
  0.630000000000000       0.999999999999966      -7.563394355258879E-015
  0.632000000000000       0.999999999999965      -7.688294445529209E-015
  0.634000000000000       0.999999999999965      -7.716050021144838E-015
  0.636000000000000       0.999999999999966      -7.785438960183910E-015
  0.638000000000000       0.999999999999965      -7.965850201685498E-015
  0.640000000000000       0.999999999999966      -7.951972413877684E-015
  0.642000000000000       0.999999999999966      -8.090750291955828E-015
  0.644000000000000       0.999999999999965      -8.187894806610529E-015
  0.646000000000000       0.999999999999965      -8.257283745649602E-015
  0.648000000000000       0.999999999999966      -8.326672684688674E-015
  0.650000000000000       0.999999999999966      -8.437694987151190E-015
  0.652000000000000       0.999999999999966      -8.479328350574633E-015
  0.654000000000000       0.999999999999966      -8.576472865229334E-015
  0.656000000000000       0.999999999999966      -8.645861804268407E-015
  0.658000000000000       0.999999999999966      -8.743006318923108E-015
  0.660000000000000       0.999999999999966      -8.812395257962180E-015
  0.662000000000000       0.999999999999966      -8.881784197001252E-015
  0.664000000000000       0.999999999999966      -8.965050923848139E-015
  0.666000000000000       0.999999999999966      -9.034439862887211E-015
  0.668000000000000       0.999999999999966      -9.159339953157541E-015
  0.670000000000000       0.999999999999966      -9.256484467812243E-015
  0.672000000000000       0.999999999999966      -9.284240043427872E-015
  0.674000000000000       0.999999999999966      -9.353628982466944E-015
  0.676000000000000       0.999999999999966      -9.436895709313831E-015
  0.678000000000000       0.999999999999966      -9.575673587391975E-015
  0.680000000000000       0.999999999999966      -9.631184738623233E-015
  0.682000000000000       0.999999999999966      -9.686695889854491E-015
  0.684000000000000       0.999999999999966      -9.783840404509192E-015
  0.686000000000000       0.999999999999966      -9.908740494779522E-015
  0.688000000000000       0.999999999999966      -9.964251646010780E-015
  0.690000000000000       0.999999999999966      -9.992007221626409E-015
  0.692000000000000       0.999999999999966      -1.010302952408892E-014
  0.694000000000000       0.999999999999966      -1.018629625093581E-014
  0.696000000000000       0.999999999999966      -1.022792961435925E-014
  0.698000000000000       0.999999999999966      -1.038058528024521E-014
  0.700000000000000       0.999999999999966      -1.040834085586084E-014
  0.702000000000000       0.999999999999966      -1.054017984003508E-014
  0.704000000000000       0.999999999999966      -1.060262988517024E-014
  0.706000000000000       0.999999999999966      -1.069283550592104E-014
  0.708000000000000       0.999999999999966      -1.075528555105620E-014
  0.710000000000000       0.999999999999966      -1.081773559619137E-014
  0.712000000000000       0.999999999999966      -1.091488011084607E-014
  0.714000000000000       0.999999999999966      -1.101896351940468E-014
  0.716000000000000       0.999999999999966      -1.103284130721249E-014
  0.718000000000000       0.999999999999966      -1.112304692796329E-014
  0.720000000000000       0.999999999999966      -1.126182480604143E-014
  0.722000000000000       0.999999999999966      -1.132427485117660E-014
  0.724000000000000       0.999999999999966      -1.137978600240785E-014
  0.726000000000000       0.999999999999966      -1.147693051706256E-014
  0.728000000000000       0.999999999999966      -1.152550277438991E-014
  0.730000000000000       0.999999999999966      -1.166428065246805E-014
  0.732000000000000       0.999999999999966      -1.174754737931494E-014
  0.734000000000000       0.999999999999966      -1.177530295493057E-014
  0.736000000000000       0.999999999999967      -1.186550857568136E-014
  0.738000000000000       0.999999999999966      -1.194183640862434E-014
  0.740000000000000       0.999999999999966      -1.201816424156732E-014
  0.742000000000000       0.999999999999967      -1.209449207451030E-014
  0.744000000000000       0.999999999999967      -1.219857548306891E-014
  0.746000000000000       0.999999999999967      -1.226102552820407E-014
  0.748000000000000       0.999999999999967      -1.237204783066659E-014
  0.750000000000000       0.999999999999967      -1.245531455751347E-014
  0.752000000000000       0.999999999999967      -1.245531455751347E-014
  0.754000000000000       0.999999999999967      -1.260797022339943E-014
  0.756000000000000       0.999999999999967      -1.265654248072678E-014
  0.758000000000000       0.999999999999967      -1.273980920757367E-014
  0.760000000000000       0.999999999999967      -1.285777040394009E-014
  0.762000000000000       0.999999999999967      -1.290634266126744E-014
  0.764000000000000       0.999999999999967      -1.296879270640261E-014
  0.766000000000000       0.999999999999967      -1.305205943324950E-014
  0.768000000000000       0.999999999999967      -1.312144837228857E-014
  0.770000000000000       0.999999999999967      -1.318389841742373E-014
  0.772000000000000       0.999999999999967      -1.323940956865499E-014
  0.774000000000000       0.999999999999967      -1.335043187111751E-014
  0.776000000000000       0.999999999999967      -1.344063749186830E-014
  0.778000000000000       0.999999999999967      -1.353778200652300E-014
  0.780000000000000       0.999999999999967      -1.353778200652300E-014
  0.782000000000000       0.999999999999967      -1.369043767240896E-014
  0.784000000000000       0.999999999999967      -1.377370439925585E-014
  0.786000000000000       0.999999999999967      -1.383615444439101E-014
  0.788000000000000       0.999999999999967      -1.396105453466134E-014
  0.790000000000000       0.999999999999967      -1.398187121637307E-014
  0.792000000000000       0.999999999999967      -1.405126015541214E-014
  0.794000000000000       0.999999999999967      -1.416228245787465E-014
  0.796000000000000       0.999999999999967      -1.426636586643326E-014
  0.798000000000000       0.999999999999967      -1.430106033595280E-014
  0.800000000000000       0.999999999999967      -1.430106033595280E-014
  0.802000000000000       0.999999999999968      -1.448841047135829E-014
  0.804000000000000       0.999999999999967      -1.454392162258955E-014
  0.806000000000000       0.999999999999968      -1.457861609210909E-014
  0.808000000000000       0.999999999999968      -1.469657728847551E-014
  0.810000000000000       0.999999999999968      -1.476596622751458E-014
  0.812000000000000       0.999999999999968      -1.486311074216928E-014
  0.814000000000000       0.999999999999968      -1.492556078730445E-014
  0.816000000000000       0.999999999999968      -1.498107193853571E-014
  0.818000000000000       0.999999999999968      -1.510597202880604E-014
  0.820000000000000       0.999999999999968      -1.511984981661385E-014
  0.822000000000000       0.999999999999968      -1.524474990688418E-014
  0.824000000000000       0.999999999999968      -1.530719995201935E-014
  0.826000000000000       0.999999999999968      -1.535577220934670E-014
  0.828000000000000       0.999999999999968      -1.543903893619358E-014
  0.830000000000000       0.999999999999968      -1.553618345084828E-014
  0.832000000000000       0.999999999999968      -1.559169460207954E-014
  0.834000000000000       0.999999999999968      -1.568190022283034E-014
  0.836000000000000       0.999999999999968      -1.574435026796550E-014
  0.838000000000000       0.999999999999968      -1.584149478262020E-014
  0.840000000000000       0.999999999999968      -1.591782261556318E-014
  0.842000000000000       0.999999999999968      -1.603578381192960E-014
  0.844000000000000       0.999999999999968      -1.602884491802570E-014
  0.846000000000000       0.999999999999968      -1.612598943268040E-014
  0.848000000000000       0.999999999999968      -1.627170620466245E-014
  0.850000000000000       0.999999999999968      -1.627864509856636E-014
  0.852000000000000       0.999999999999968      -1.636885071931715E-014
  0.854000000000000       0.999999999999968      -1.645905634006795E-014
  0.856000000000000       0.999999999999968      -1.652844527910702E-014
  0.858000000000000       0.999999999999968      -1.656313974862655E-014
  0.860000000000000       0.999999999999968      -1.665334536937735E-014
  0.862000000000000       0.999999999999969      -1.675048988403205E-014
  0.864000000000000       0.999999999999969      -1.684069550478284E-014
  0.866000000000000       0.999999999999969      -1.687538997430238E-014
  0.868000000000000       0.999999999999969      -1.697947338286099E-014
  0.870000000000000       0.999999999999969      -1.702804564018834E-014
  0.872000000000000       0.999999999999969      -1.712519015484304E-014
  0.874000000000000       0.999999999999969      -1.722927356340165E-014
  0.876000000000000       0.999999999999969      -1.727090692682509E-014
  0.878000000000000       0.999999999999969      -1.736805144147979E-014
  0.880000000000000       0.999999999999969      -1.746519595613449E-014
  0.882000000000000       0.999999999999969      -1.750682931955794E-014
  0.884000000000000       0.999999999999969      -1.756234047078920E-014
  0.886000000000000       0.999999999999969      -1.761091272811655E-014
  0.888000000000000       0.999999999999969      -1.769417945496343E-014
  0.890000000000000       0.999999999999969      -1.779826286352204E-014
  0.892000000000000       0.999999999999969      -1.785377401475330E-014
  0.894000000000000       0.999999999999969      -1.795091852940800E-014
  0.896000000000000       0.999999999999969      -1.801336857454316E-014
  0.898000000000000       0.999999999999969      -1.812439087700568E-014
  0.900000000000000       0.999999999999969      -1.815908534652522E-014
  0.902000000000000       0.999999999999969      -1.822153539166038E-014
  0.904000000000000       0.999999999999969      -1.830480211850727E-014
  0.906000000000000       0.999999999999969      -1.842276331487369E-014
  0.908000000000000       0.999999999999969      -1.848521336000886E-014
  0.910000000000000       0.999999999999969      -1.845745778439323E-014
  0.912000000000000       0.999999999999970      -1.859623566247137E-014
  0.914000000000000       0.999999999999970      -1.865868570760654E-014
  0.916000000000000       0.999999999999970      -1.871419685883779E-014
  0.918000000000000       0.999999999999970      -1.878358579787687E-014
  0.920000000000000       0.999999999999970      -1.888073031253157E-014
  0.922000000000000       0.999999999999970      -1.895011925157064E-014
  0.924000000000000       0.999999999999970      -1.904032487232143E-014
  0.926000000000000       0.999999999999970      -1.909583602355269E-014
  0.928000000000000       0.999999999999970      -1.920685832601521E-014
  0.930000000000000       0.999999999999970      -1.922073611382302E-014
  0.932000000000000       0.999999999999970      -1.930400284066991E-014
  0.934000000000000       0.999999999999970      -1.937339177970898E-014
  0.936000000000000       0.999999999999970      -1.944971961265196E-014
  0.938000000000000       0.999999999999970      -1.948441408217150E-014
  0.940000000000000       0.999999999999970      -1.963706974805746E-014
  0.942000000000000       0.999999999999970      -1.966482532367309E-014
  0.944000000000000       0.999999999999970      -1.974115315661606E-014
  0.946000000000000       0.999999999999970      -1.978972541394342E-014
  0.948000000000000       0.999999999999970      -1.988686992859812E-014
  0.950000000000000       0.999999999999970      -1.991462550421375E-014
  0.952000000000000       0.999999999999970      -2.001870891277235E-014
  0.954000000000000       0.999999999999970      -2.005340338229189E-014
  0.956000000000000       0.999999999999971      -2.009503674571533E-014
  0.958000000000000       0.999999999999970      -2.022687572988957E-014
  0.960000000000000       0.999999999999971      -2.031708135064036E-014
  0.962000000000000       0.999999999999971      -2.037953139577553E-014
  0.964000000000000       0.999999999999971      -2.047667591043023E-014
  0.966000000000000       0.999999999999971      -2.052524816775758E-014
  0.968000000000000       0.999999999999971      -2.054606484946930E-014
  0.970000000000000       0.999999999999971      -2.065708715193182E-014
  0.972000000000000       0.999999999999971      -2.067790383364354E-014
  0.974000000000000       0.999999999999971      -2.078198724220215E-014
  0.976000000000000       0.999999999999971      -2.080280392391387E-014
  0.978000000000000       0.999999999999971      -2.094158180199202E-014
  0.980000000000000       0.999999999999971      -2.098321516541546E-014
  0.982000000000000       0.999999999999971      -2.103872631664672E-014
  0.984000000000000       0.999999999999971      -2.110811525568579E-014
  0.986000000000000       0.999999999999971      -2.117750419472486E-014
  0.988000000000000       0.999999999999971      -2.129546539109128E-014
  0.990000000000000       0.999999999999971      -2.137873211793817E-014
  0.992000000000000       0.999999999999971      -2.137179322403426E-014
  0.994000000000000       0.999999999999972      -2.142730437526552E-014
  0.996000000000000       0.999999999999972      -2.151750999601632E-014
  0.998000000000000       0.999999999999972      -2.157996004115148E-014
   1.00000000000000       0.999999999999972      -2.162159340457492E-014
